947 9017
941 9045
967 9166
933 9188
937 9207
983 9257
977 9310
953 9338
929 9355
971 9364
943 9394
961 9426
853 9453
863 9494
939 9507
857 9557
934 9567
919 9582
922 9590
958 9632
989 9633
982 9667
911 9676
862 9689
887 9738
877 9741
991 9794
997 9794
859 9797
923 9843
979 9850
914 9870
913 9872
921 9880
787 9887
883 9889
829 9899
932 9905
956 9982
878 9987
827 10002
955 10007
926 10008
821 10010
843 10033
917 10038
823 10045
993 10045
907 10047
965 10054
957 10063
973 10071
964 10088
866 10091
881 10106
985 10143
838 10157
813 10170
995 10192
773 10206
842 10215
733 10249
839 10260
886 10263
974 10272
978 10284
959 10287
869 10288
951 10288
998 10288
811 10300
986 10317
871 10319
916 10323
818 10346
817 10364
739 10367
867 10370
851 10396
879 10399
949 10405
963 10415
962 10435
778 10445
942 10450
946 10452
769 10475
987 10481
797 10489
841 10490
893 10520
683 10521
743 10537
981 10539
831 10547
717 10564
927 10567
938 10567
969 10592
761 10599
931 10599
789 10615
844 10622
889 10625
779 10635
737 10649
713 10666
865 10667
788 10669
661 10675
835 10696
771 10698
772 10702
767 10717
687 10720
809 10740
845 10750
905 10796
915 10796
861 10799
709 10802
677 10809
727 10811
807 10819
781 10820
908 10821
815 10825
653 10834
849 10836
935 10845
793 10863
757 10870
822 10870
662 10873
667 10879
691 10890
898 10892
659 10904
731 10905
763 10906
723 10915
802 10937
847 10944
766 10983
734 10985
895 10985
643 10995
758 11016
794 11019
909 11020
892 11032
796 11034
874 11037
669 11042
785 11042
873 11056
746 11060
782 11063
689 11075
563 11081
719 11083
718 11086
753 11091
885 11094
837 11096
872 11098
833 11112
928 11132
803 11134
925 11136
673 11143
777 11152
703 11155
854 11157
613 11171
988 11172
968 11178
948 11179
897 11184
617 11186
906 11195
834 11209
681 11218
707 11224
786 11225
814 11227
633 11228
722 11228
697 11233
557 11238
791 11244
668 11250
994 11252
647 11264
944 11269
587 11272
706 11283
745 11286
716 11294
856 11296
685 11298
764 11300
619 11303
868 11320
698 11331
970 11332
903 11337
894 11344
783 11346
992 11354
641 11374
607 11389
671 11394
762 11400
806 11402
547 11408
694 11420
692 11423
899 11425
614 11429
682 11430
902 11431
751 11432
741 11442
634 11443
635 11454
562 11458
836 11460
663 11462
622 11474
884 11476
755 11478
571 11482
655 11489
940 11504
996 11506
573 11515
904 11519
724 11522
901 11528
577 11533
695 11535
954 11540
799 11542
569 11544
852 11545
795 11546
631 11547
652 11549
976 11549
711 11555
537 11566
533 11569
805 11571
999 11571
593 11585
848 11589
966 11590
543 11591
583 11594
674 11605
808 11605
523 11606
891 11608
812 11609
578 11618
701 11619
858 11622
715 11625
759 11629
589 11632
679 11635
747 11635
830 11637
611 11645
855 11648
819 11660
754 11664
678 11665
538 11675
657 11675
826 11678
890 11712
952 11713
597 11715
975 11719
554 11720
712 11722
775 11723
579 11725
824 11734
629 11739
463 11754
586 11755
945 11759
565 11761
875 11761
749 11763
860 11764
646 11766
527 11772
566 11777
542 11778
638 11778
742 11778
467 11791
541 11801
628 11801
623 11807
627 11813
776 11825
721 11832
699 11834
930 11838
725 11858
517 11864
664 11873
846 11873
626 11884
487 11885
521 11891
705 11891
729 11891
529 11898
553 11910
637 11910
591 11916
918 11921
732 11925
688 11926
639 11936
556 11939
748 11943
559 11949
876 11950
984 11952
642 11953
654 11957
832 11967
790 11968
545 11970
665 11971
801 11973
457 11979
473 11980
535 11981
658 11981
820 11984
461 11989
645 11989
548 11991
581 12013
888 12016
649 12017
514 12019
551 12024
618 12031
604 12037
804 12038
491 12042
686 12044
443 12047
519 12050
509 12051
920 12057
466 12062
950 12063
555 12066
825 12068
478 12080
493 12083
437 12086
738 12092
972 12094
765 12101
471 12103
632 12110
708 12113
710 12117
526 12124
601 12124
730 12129
515 12130
676 12135
596 12136
605 12136
507 12137
599 12141
433 12143
482 12145
870 12145
910 12146
670 12150
828 12153
582 12157
453 12161
736 12168
621 12169
625 12169
798 12178
489 12179
603 12183
615 12190
651 12198
735 12199
752 12202
417 12207
561 12208
479 12210
774 12210
347 12214
693 12216
912 12222
439 12229
726 12230
367 12232
598 12237
373 12239
656 12244
606 12246
609 12246
458 12247
422 12251
502 12251
431 12261
850 12263
531 12265
503 12266
740 12266
980 12270
454 12276
409 12290
572 12295
508 12302
421 12305
524 12305
568 12312
666 12317
481 12318
567 12319
411 12323
447 12323
337 12328
419 12331
536 12339
924 12340
534 12342
511 12343
427 12348
896 12349
353 12351
469 12352
513 12352
446 12357
499 12357
413 12363
636 12364
644 12364
483 12365
882 12370
477 12381
602 12381
990 12382
428 12391
403 12395
549 12395
485 12397
383 12400
497 12409
584 12422
610 12423
770 12430
412 12433
389 12439
518 12441
575 12449
382 12454
564 12456
407 12458
445 12460
714 12464
784 12465
675 12466
690 12473
744 12473
317 12478
590 12478
465 12479
397 12480
418 12481
539 12485
592 12485
595 12486
704 12487
436 12489
346 12491
472 12491
574 12493
501 12496
608 12500
880 12500
393 12507
362 12509
936 12518
398 12520
339 12525
452 12526
506 12526
429 12531
558 12536
585 12539
768 12543
377 12546
505 12551
438 12553
449 12558
494 12558
488 12561
386 12562
532 12563
728 12563
381 12566
696 12567
684 12569
816 12570
379 12580
475 12582
331 12584
283 12586
394 12586
313 12587
423 12591
544 12591
363 12595
415 12595
702 12595
760 12595
620 12603
338 12605
484 12610
388 12612
391 12612
277 12615
530 12619
680 12622
387 12623
442 12624
459 12626
435 12629
327 12632
343 12633
358 12633
580 12634
522 12635
810 12639
498 12641
474 12643
451 12649
341 12652
434 12657
464 12658
307 12659
512 12662
780 12664
864 12664
311 12668
516 12669
361 12672
293 12675
960 12675
371 12676
349 12680
263 12682
333 12682
365 12683
401 12687
355 12691
470 12693
425 12697
525 12699
792 12703
267 12712
334 12712
616 12716
323 12720
257 12725
455 12729
404 12733
359 12735
750 12736
395 12744
640 12751
332 12752
335 12755
356 12758
612 12761
650 12766
570 12767
588 12769
660 12777
402 12779
430 12780
462 12781
302 12782
345 12782
495 12785
426 12789
366 12790
552 12790
374 12795
546 12798
357 12803
262 12812
319 12812
326 12818
410 12820
672 12820
278 12826
269 12828
309 12830
369 12831
303 12833
492 12836
329 12838
441 12838
227 12839
476 12841
314 12844
840 12845
496 12849
594 12850
233 12851
406 12852
756 12853
281 12854
354 12857
321 12859
800 12860
287 12865
375 12865
416 12869
550 12872
528 12874
271 12882
460 12884
486 12885
322 12886
247 12888
298 12888
368 12890
624 12890
424 12892
265 12896
414 12897
444 12899
318 12903
344 12903
372 12903
328 12906
385 12907
268 12908
291 12909
237 12918
700 12920
405 12923
648 12923
229 12926
289 12926
490 12928
520 12930
274 12931
305 12931
468 12932
370 12934
316 12937
560 12947
900 12948
223 12951
213 12957
253 12957
510 12957
292 12958
284 12959
295 12959
273 12960
376 12963
348 12964
630 12967
399 12971
299 12972
351 12975
392 12977
448 12982
342 12983
364 12983
282 12984
456 12991
239 12996
720 12996
285 12998
254 13001
286 13001
259 13005
297 13009
266 13011
301 13011
261 13014
310 13014
500 13014
258 13015
325 13020
173 13021
408 13022
241 13026
380 13027
211 13028
352 13028
340 13029
440 13031
540 13032
242 13036
275 13037
235 13038
202 13041
221 13043
279 13046
218 13050
576 13053
390 13054
272 13056
378 13056
212 13057
308 13060
238 13061
315 13066
203 13067
193 13068
243 13069
197 13070
384 13070
255 13071
236 13073
214 13074
217 13074
432 13074
420 13076
249 13077
312 13079
290 13081
205 13084
304 13084
219 13087
248 13087
231 13090
480 13090
187 13091
330 13093
232 13095
251 13096
206 13099
396 13103
600 13103
245 13104
336 13104
222 13107
226 13110
296 13110
256 13111
504 13111
244 13113
183 13114
306 13121
246 13123
294 13123
157 13124
178 13124
215 13124
276 13124
320 13125
350 13125
207 13126
209 13126
260 13127
167 13131
163 13133
185 13133
230 13133
194 13137
400 13141
450 13141
177 13144
191 13144
264 13144
172 13145
179 13150
199 13152
228 13153
181 13156
360 13157
158 13160
188 13160
201 13161
166 13163
137 13164
270 13164
280 13164
288 13166
234 13168
324 13168
169 13169
220 13169
208 13171
182 13172
195 13172
171 13179
186 13179
190 13182
250 13185
184 13187
165 13188
204 13188
196 13190
225 13192
240 13193
149 13194
189 13196
300 13196
164 13197
198 13197
139 13198
159 13198
133 13199
210 13199
131 13200
155 13200
151 13203
147 13204
161 13204
174 13204
143 13206
153 13206
252 13206
142 13207
168 13207
224 13207
170 13208
148 13209
175 13210
138 13211
162 13211
123 13212
146 13213
127 13214
176 13214
192 13214
154 13215
122 13216
134 13216
113 13217
200 13220
115 13221
129 13221
141 13221
152 13221
216 13221
180 13222
156 13223
145 13224
160 13224
118 13225
128 13226
132 13226
135 13226
136 13227
103 13228
116 13228
117 13228
119 13229
140 13229
124 13230
107 13231
121 13231
130 13231
109 13232
110 13234
114 13234
101 13235
106 13235
150 13235
120 13236
111 13237
125 13237
126 13237
105 13238
112 13238
144 13238
100 13240
102 13240
104 13240
108 13240
